Tempo (s);  Valore Fotoresistenza
1.51;       839.00
1.63;       839.00
1.69;       839.00
1.80;       839.00
1.87;       839.00
1.99;       839.00
2.06;       839.00
2.18;       839.00
2.25;       839.00
2.37;       839.00
2.44;       839.00
2.57;       839.00
2.64;       839.00
2.71;       839.00
2.84;       839.00
2.90;       839.00
3.02;       839.00
3.08;       839.00
3.25;       839.00
3.35;       839.00
3.41;       837.00
3.47;       835.00
3.57;       835.00
3.71;       835.00
3.79;       835.00
3.86;       837.00
3.99;       839.00
4.05;       839.00
4.12;       839.00
4.25;       839.00
4.31;       839.00
4.42;       839.00
4.54;       839.00
4.60;       839.00
4.72;       839.00
4.77;       839.00
4.90;       839.00
5.01;       839.00
5.07;       839.00
5.20;       839.00
5.26;       839.00
5.40;       839.00
5.47;       839.00
5.53;       839.00
5.67;       839.00
5.73;       839.00
5.80;       839.00
5.92;       839.00
6.03;       839.00
6.09;       839.00
6.24;       839.00
6.30;       839.00
6.38;       839.00
6.50;       839.00
6.56;       839.00
6.67;       839.00
6.78;       839.00
6.84;       839.00
6.95;       839.00
7.07;       839.00
7.12;       839.00
7.24;       839.00
7.35;       839.00
7.41;       839.00
7.53;       839.00
7.64;       839.00
7.70;       839.00
7.81;       839.00
7.87;       839.00
7.99;       839.00
8.10;       839.00
8.16;       839.00
8.24;       839.00
8.36;       839.00
8.48;       839.00
8.54;       839.00
8.65;       839.00
8.71;       839.00
8.83;       839.00
8.95;       839.00
9.01;       839.00
9.13;       839.00
9.19;       839.00
9.31;       839.00
9.37;       839.00
9.49;       839.00
9.61;       839.00
9.67;       839.00
9.79;       839.00
9.86;       839.00
9.97;       839.00
10.03;       839.00
10.15;       839.00
10.26;       839.00
10.32;       839.00
10.43;       839.00
10.54;       839.00
10.60;       839.00
10.72;       839.00
10.77;       839.00
10.89;       839.00
11.00;       839.00
11.05;       839.00
11.17;       839.00
11.24;       839.00
11.35;       839.00
11.47;       839.00
11.52;       839.00
11.63;       839.00
11.75;       839.00
11.80;       839.00
11.92;       839.00
12.03;       839.00
12.09;       839.00
12.20;       839.00
12.32;       839.00
12.38;       839.00
12.49;       837.00
12.60;       837.00
12.66;       837.00
12.77;       835.00
12.88;       835.00
12.94;       835.00
13.05;       835.00
13.16;       835.00
13.22;       837.00
13.33;       837.00
13.46;       839.00
13.52;       839.00
13.63;       839.00
13.69;       839.00
13.80;       839.00
13.92;       839.00
13.98;       839.00
14.11;       839.00
14.16;       839.00
14.28;       839.00
14.39;       839.00
14.45;       839.00
14.56;       839.00
14.67;       839.00
14.73;       839.00
14.84;       839.00
14.90;       839.00
15.01;       839.00
15.12;       839.00
15.18;       839.00
15.30;       839.00
15.37;       839.00
15.49;       839.00
15.60;       839.00
15.66;       836.00
15.78;       836.00
15.89;       836.00
15.95;       836.00
16.06;       836.00
16.12;       836.00
16.23;       839.00
16.36;       839.00
16.41;       839.00
16.52;       839.00
16.64;       839.00
16.69;       839.00
16.80;       839.00
16.92;       839.00
16.97;       839.00
17.08;       839.00
17.20;       839.00
17.25;       839.00
17.38;       839.00
17.44;       839.00
17.55;       839.00
17.66;       839.00
17.72;       839.00
17.83;       839.00
17.95;       839.00
18.01;       839.00
18.12;       839.00
18.23;       839.00
18.29;       839.00
18.40;       839.00
18.51;       839.00
18.57;       839.00
18.68;       839.00
18.79;       839.00
18.85;       839.00
18.96;       839.00
19.08;       839.00
19.13;       839.00
19.24;       839.00
19.36;       839.00
19.41;       839.00
19.53;       839.00
19.64;       839.00
19.70;       839.00
19.81;       839.00
19.92;       839.00
19.98;       839.00
20.09;       839.00
20.22;       839.00
20.28;       839.00
20.39;       839.00
20.45;       839.00
20.56;       839.00
20.67;       839.00
20.73;       839.00
20.84;       839.00
20.95;       839.00
21.01;       839.00
21.13;       839.00
21.21;       839.00
21.32;       839.00
21.38;       839.00
21.50;       839.00
21.61;       839.00
21.67;       839.00
21.78;       839.00
21.83;       839.00
21.95;       839.00
22.06;       839.00
22.17;       839.00
22.23;       839.00
22.34;       839.00
22.47;       839.00
22.52;       839.00
22.64;       839.00
22.71;       839.00
22.77;       839.00
22.90;       839.00
22.96;       839.00
23.09;       839.00
23.15;       839.00
23.28;       839.00
23.35;       839.00
23.47;       839.00
23.54;       839.00
23.66;       839.00
23.73;       839.00
23.86;       839.00
23.92;       839.00
24.05;       839.00
24.11;       839.00
24.24;       839.00
24.30;       839.00
24.43;       839.00
24.49;       839.00
24.56;       839.00
24.68;       839.00
24.75;       837.00
24.87;       837.00
24.94;       835.00
25.06;       835.00
25.17;       835.00
25.22;       835.00
25.35;       835.00
25.41;       835.00
25.52;       837.00
25.63;       839.00
25.69;       839.00
25.80;       839.00
25.92;       839.00
25.98;       839.00
26.10;       839.00
26.15;       839.00
26.27;       839.00
26.38;       839.00
26.45;       839.00
26.56;       839.00
26.62;       839.00
26.78;       839.00
26.86;       839.00
26.92;       839.00
27.05;       839.00
27.13;       839.00
27.21;       839.00
27.35;       839.00
27.41;       839.00
27.47;       839.00
27.58;       839.00
27.69;       839.00
27.75;       839.00
27.90;       837.00
27.96;       835.00
28.09;       835.00
28.15;       835.00
28.26;       835.00
28.32;       837.00
28.45;       839.00
28.51;       839.00
28.62;       839.00
28.73;       839.00
28.79;       839.00
28.90;       839.00
29.02;       839.00
29.07;       839.00
29.18;       839.00
29.30;       839.00
29.35;       839.00
29.48;       839.00
29.53;       839.00
29.65;       839.00
29.76;       839.00
29.82;       839.00
29.93;       839.00
30.04;       839.00
30.10;       839.00
30.21;       839.00
30.33;       839.00
30.38;       839.00
30.49;       839.00
30.61;       839.00
30.68;       839.00
30.80;       839.00
30.85;       839.00
30.97;       839.00
31.08;       839.00
31.14;       839.00
31.25;       839.00
31.36;       839.00
31.42;       839.00
31.53;       839.00
31.64;       839.00
31.70;       839.00
31.82;       839.00
31.88;       839.00
32.01;       839.00
32.07;       839.00
32.18;       839.00
32.29;       839.00
32.35;       839.00
32.46;       839.00
32.59;       839.00
32.65;       839.00
32.76;       839.00
32.82;       839.00
32.93;       839.00
33.04;       839.00
33.10;       839.00
33.21;       839.00
33.32;       839.00
33.38;       839.00
33.49;       839.00
33.58;       839.00
33.69;       839.00
33.75;       839.00
33.87;       839.00
33.97;       839.00
34.03;       839.00
34.14;       839.00
34.25;       839.00
34.31;       839.00
34.44;       839.00
34.50;       839.00
34.64;       839.00
34.69;       839.00
34.80;       839.00
34.92;       839.00
34.97;       839.00
35.09;       839.00
35.21;       839.00
35.27;       839.00
35.38;       839.00
35.43;       839.00
35.55;       839.00
35.67;       839.00
35.73;       839.00
35.84;       839.00
35.95;       839.00
36.01;       839.00
36.12;       839.00
36.23;       839.00
36.29;       839.00
36.40;       839.00
36.47;       839.00
36.58;       839.00
36.69;       839.00
36.75;       839.00
36.86;       839.00
36.97;       837.00
37.03;       837.00
37.14;       835.00
37.25;       835.00
37.31;       835.00
37.42;       835.00
37.50;       835.00
37.61;       835.00
37.72;       837.00
37.78;       837.00
37.89;       839.00
38.00;       839.00
38.06;       839.00
38.18;       839.00
38.30;       839.00
38.35;       839.00
38.46;       839.00
38.58;       839.00
38.63;       839.00
38.75;       839.00
38.86;       839.00
38.91;       839.00
39.02;       839.00
39.14;       839.00
39.19;       839.00
39.31;       839.00
39.42;       839.00
39.47;       839.00
39.60;       839.00
39.66;       839.00
39.80;       839.00
39.86;       839.00
39.97;       839.00
40.03;       837.00
40.14;       835.00
40.26;       835.00
40.31;       835.00
40.42;       835.00
40.53;       835.00
40.59;       839.00
40.70;       839.00
40.81;       839.00
40.88;       839.00
40.99;       839.00
41.10;       839.00
41.16;       839.00
41.27;       839.00
41.38;       839.00
41.45;       839.00
41.56;       839.00
41.64;       839.00
41.76;       839.00
41.82;       839.00
41.93;       839.00
42.04;       839.00
42.10;       839.00
42.21;       839.00
42.32;       839.00
42.38;       839.00
42.49;       839.00
42.60;       839.00
42.66;       839.00
42.77;       839.00
42.88;       839.00
42.95;       839.00
43.06;       839.00
43.17;       839.00
43.23;       839.00
43.34;       839.00
43.45;       839.00
43.51;       839.00
43.64;       839.00
43.70;       839.00
43.82;       839.00
43.87;       839.00
43.98;       839.00
44.10;       839.00
44.15;       839.00
44.26;       839.00
44.38;       839.00
44.43;       839.00
44.55;       839.00
44.66;       839.00
44.77;       839.00
44.83;       839.00
44.94;       839.00
45.00;       839.00
45.11;       839.00
45.22;       839.00
45.28;       839.00
45.39;       839.00
45.50;       839.00
45.56;       839.00
45.68;       839.00
45.79;       839.00
45.85;       839.00
45.96;       839.00
46.07;       839.00
46.13;       839.00
46.24;       839.00
46.35;       839.00
46.41;       839.00
46.54;       839.00
46.60;       839.00
46.71;       839.00
46.83;       839.00
46.88;       839.00
46.99;       839.00
47.10;       839.00
47.16;       839.00
47.28;       839.00
47.34;       839.00
47.45;       839.00
47.57;       839.00
47.62;       839.00
47.74;       839.00
47.85;       839.00
47.91;       839.00
48.02;       839.00
48.13;       839.00
48.19;       839.00
48.30;       839.00
48.41;       839.00
48.47;       839.00
48.58;       839.00
48.71;       839.00
48.77;       839.00
48.88;       839.00
48.94;       839.00
49.05;       839.00
49.16;       837.00
49.22;       837.00
49.33;       837.00
49.44;       835.00
49.50;       835.00
49.61;       835.00
49.74;       835.00
49.80;       835.00
49.91;       835.00
49.97;       837.00
50.08;       839.00
50.19;       839.00
50.25;       839.00
50.37;       839.00
50.48;       839.00
50.53;       839.00
50.67;       839.00
50.72;       839.00
50.83;       839.00
50.96;       839.00
51.01;       839.00
51.13;       839.00
51.24;       839.00
51.29;       839.00
51.41;       839.00
51.53;       839.00
51.58;       839.00
51.70;       839.00
51.76;       839.00
51.87;       839.00
51.98;       839.00
52.03;       839.00
52.15;       839.00
52.26;       839.00
52.33;       836.00
52.44;       836.00
52.57;       836.00
52.63;       836.00
52.74;       836.00
52.79;       836.00
52.91;       839.00
53.02;       839.00
53.09;       839.00
53.20;       839.00
53.26;       839.00
53.38;       839.00
53.49;       839.00
53.54;       839.00
53.66;       839.00
53.72;       839.00
53.83;       839.00
53.94;       839.00
54.00;       839.00
54.11;       839.00
54.23;       839.00
54.30;       839.00
54.41;       839.00
54.47;       839.00
54.62;       839.00
54.80;       839.00
54.87;       839.00
54.92;       839.00
54.99;       839.00
55.04;       839.00
55.16;       839.00
55.22;       839.00
55.33;       839.00
55.44;       839.00
55.55;       839.00
55.61;       839.00
55.73;       839.00
55.80;       839.00
55.92;       839.00
55.97;       839.00
56.09;       839.00
56.23;       839.00
56.28;       839.00
56.34;       839.00
56.46;       839.00
56.57;       839.00
56.63;       839.00
56.74;       839.00
